0.8022498897608585,0.001,200
0.8096023270365634,0.001,220
0.8152859924323133,0.001,240
0.818171991368766,0.001,260
0.820292316744365,0.001,280
0.8475719269296066,0.001,300
0.8826456936273285,0.001,320
0.8922657268586633,0.001,340
0.8983420355908919,0.001,360
0.9029262610050944,0.001,380
0.9075595541291952,0.001,400
0.9400222104317966,0.016736842105263158,200
0.940434498196607,0.016736842105263158,220
0.9404443141475272,0.016736842105263158,240
0.9406308186603761,0.016736842105263158,260
0.9407976965710538,0.016736842105263158,280
0.9409154927999779,0.016736842105263158,300
0.9410136561634852,0.016736842105263158,320
0.9410038392489888,0.016736842105263158,340
0.9410529204489542,0.016736842105263158,360
0.9411216374050652,0.016736842105263158,380
0.9411314548013496,0.016736842105263158,400
0.9410136542363328,0.032473684210526314,200
0.9410921856979995,0.032473684210526314,220
0.9411608978362294,0.032473684210526314,240
0.9411412644890247,0.032473684210526314,260
0.9410431020890935,0.032473684210526314,280
0.941033286138173,0.032473684210526314,300
0.941259062645101,0.032473684210526314,320
0.9412394273707438,0.032473684210526314,340
0.941229613346976,0.032473684210526314,360
0.9413081438450666,0.032473684210526314,380
0.9413375931431915,0.032473684210526314,400
0.9411216325871841,0.04821052631578947,200
0.9409842073471483,0.04821052631578947,220
0.9410823721560199,0.04821052631578947,240
0.941121636923277,0.04821052631578947,260
0.9409842092743007,0.04821052631578947,280
0.9409645783360364,0.04821052631578947,300
0.9409842121650293,0.04821052631578947,320
0.9410136580906375,0.04821052631578947,340
0.9409154937635542,0.04821052631578947,360
0.9410431073887626,0.04821052631578947,380
0.9411216417411582,0.04821052631578947,400
0.9385399512550882,0.06394736842105263,200
0.9381178571751198,0.06394736842105263,220
0.9378430052496837,0.06394736842105263,240
0.9365374596878855,0.06394736842105263,260
0.9375976117763468,0.06394736842105263,280
0.9374700058597478,0.06394736842105263,300
0.9371460765886512,0.06394736842105263,320
0.9371853370198153,0.06394736842105263,340
0.9372246022688607,0.06394736842105263,360
0.937047910334415,0.06394736842105263,380
0.9366552496535643,0.06394736842105263,400
0.9360956888997827,0.07968421052631579,200
0.9358699085385499,0.07968421052631579,220
0.9357030311096605,0.07968421052631579,240
0.9359975289087922,0.07968421052631579,260
0.9357226702383226,0.07968421052631579,280
0.9356048749729748,0.07968421052631579,300
0.9357423031037392,0.07968421052631579,320
0.9353103776556312,0.07968421052631579,340
0.9355165179246254,0.07968421052631579,360
0.9348882912842725,0.07968421052631579,380
0.9349079149957152,0.07968421052631579,400
0.9331115227455177,0.09542105263157893,200
0.9330329970653082,0.09542105263157893,220
0.9335925293935914,0.09542105263157893,240
0.9333962055573055,0.09542105263157893,260
0.93311153238128,0.09542105263157893,280
0.9329348351471651,0.09542105263157893,300
0.9330820830831549,0.09542105263157893,320
0.9327679543457588,0.09542105263157893,340
0.9329642805909855,0.09542105263157893,360
0.9328661210817828,0.09542105263157893,380
0.9324047492262784,0.09542105263157893,400
0.9331507730591315,0.1111578947368421,200
0.9328857375664039,0.1111578947368421,220
0.9331409599989401,0.1111578947368421,240
0.9331409580717877,0.1111578947368421,260
0.9334452708582635,0.1111578947368421,280
0.9327286799427394,0.1111578947368421,300
0.9323851057615233,0.1111578947368421,320
0.932336017334736,0.1111578947368421,340
0.9315801597248028,0.1111578947368421,360
0.9318059420131878,0.1111578947368421,380
0.9292634994317911,0.1111578947368421,400
0.9308341103571797,0.12689473684210525,200
0.9306672314829256,0.12689473684210525,220
0.9302843987976978,0.12689473684210525,240
0.9295874320754047,0.12689473684210525,260
0.9294205546465151,0.12689473684210525,280
0.9288708430870333,0.12689473684210525,300
0.9287137816090638,0.12689473684210525,320
0.9281149768049138,0.12689473684210525,340
0.9277223199783677,0.12689473684210525,360
0.927604520376927,0.12689473684210525,380
0.9271627799414748,0.12689473684210525,400
0.9333961723139259,0.14263157894736841,200
0.9333568882751443,0.14263157894736841,220
0.9331801948953347,0.14263157894736841,240
0.932404715982899,0.14263157894736841,260
0.9318844503490255,0.14263157894736841,280
0.9314819833530164,0.14263157894736841,300
0.9313740078928937,0.14263157894736841,320
0.9302451282489834,0.14263157894736841,340
0.9297739394789822,0.14263157894736841,360
0.9297444945169502,0.14263157894736841,380
0.928959185199951,0.14263157894736841,400
0.9309028143050118,0.15836842105263157,200
0.9302843925344524,0.15836842105263157,220
0.9298033839592262,0.15836842105263157,240
0.928851203476583,0.15836842105263157,260
0.9287137748640303,0.15836842105263157,280
0.9281346115974829,0.15836842105263157,300
0.9277812282103801,0.15836842105263157,320
0.9275652748811941,0.15836842105263157,340
0.9270842701602728,0.15836842105263157,360
0.9267701404593007,0.15836842105263157,380
0.9263873125919538,0.15836842105263157,400
0.9262302785759067,0.17410526315789474,200
0.9251799381022726,0.17410526315789474,220
0.9244633327331057,0.17410526315789474,240
0.9237271012435553,0.17410526315789474,260
0.9230203296514684,0.17410526315789474,280
0.9228829068203732,0.17410526315789474,300
0.9222350333427484,0.17410526315789474,320
0.9218620141995,0.17410526315789474,340
0.9217736730501583,0.17410526315789474,360
0.9197711140326206,0.17410526315789474,380
0.9206055377929647,0.17410526315789474,400
0.92963648533166,0.18984210526315787,200
0.9287432015181144,0.18984210526315787,220
0.9279873386085116,0.18984210526315787,240
0.9276044996600383,0.18984210526315787,260
0.9277124837923469,0.18984210526315787,280
0.9264952480636636,0.18984210526315787,300
0.9263283715983501,0.18984210526315787,320
0.9260436878229863,0.18984210526315787,340
0.9245810576573896,0.18984210526315787,360
0.9219502753720157,0.18984210526315787,380
0.916178228356723,0.18984210526315787,400
0.925081701506973,0.20557894736842103,200
0.9243258487149205,0.20557894736842103,220
0.921165070121248,0.20557894736842103,240
0.9215871131316768,0.20557894736842103,260
0.9225589076900006,0.20557894736842103,280
0.9213613149442841,0.20557894736842103,300
0.9206348916970445,0.20557894736842103,320
0.920418940776799,0.20557894736842103,340
0.9197317895236381,0.20557894736842103,360
0.9186519742171093,0.20557894736842103,380
0.9174740682970779,0.20557894736842103,400
0.921616563393378,0.2213157894736842,200
0.9202029975651633,0.2213157894736842,220
0.9144702292889832,0.2213157894736842,240
0.9207527153878907,0.2213157894736842,260
0.919633641095562,0.2213157894736842,280
0.9196434710183375,0.2213157894736842,300
0.91517700088107,0.2213157894736842,320
0.9176409558435175,0.2213157894736842,340
0.9170617602971669,0.2213157894736842,360
0.9155304189569167,0.2213157894736842,380
0.9149807141424684,0.2213157894736842,400
0.9198103942170974,0.23705263157894735,200
0.9181710441733448,0.23705263157894735,220
0.9187404020883105,0.23705263157894735,240
0.9150003609797401,0.23705263157894735,260
0.9144997402559861,0.23705263157894735,280
0.9142248594232635,0.23705263157894735,300
0.9163550884352185,0.23705263157894735,320
0.9175330280804177,0.23705263157894735,340
0.9171207205622949,0.23705263157894735,360
0.9164237408317227,0.23705263157894735,380
0.9134592152514844,0.23705263157894735,400
0.9172974062334951,0.2527894736842105,200
0.916551361201965,0.2527894736842105,220
0.9155402936859861,0.2527894736842105,240
0.9160998125242023,0.2527894736842105,260
0.912978227874935,0.2527894736842105,280
0.9127426055462242,0.2527894736842105,300
0.9061855946560063,0.2527894736842105,320
0.9135475665183762,0.2527894736842105,340
0.9109167562892921,0.2527894736842105,360
0.9105338893971083,0.2527894736842105,380
0.9120162174695163,0.2527894736842105,400
0.9110051692250618,0.26852631578947367,200
0.910749832126956,0.26852631578947367,220
0.9114762573013483,0.26852631578947367,240
0.9094933253677698,0.26852631578947367,260
0.9048894280633142,0.26852631578947367,280
0.9044673922797071,0.26852631578947367,300
0.908266317049096,0.26852631578947367,320
0.90633245186184,0.26852631578947367,340
0.8996670940528677,0.26852631578947367,360
0.9037016637950088,0.26852631578947367,380
0.9020625088754401,0.26852631578947367,400
0.9195158964179656,0.28426315789473683,200
0.9182692287355291,0.28426315789473683,220
0.9176508546619925,0.28426315789473683,240
0.9173072327837536,0.28426315789473683,260
0.9124677401307212,0.28426315789473683,280
0.9138911329909828,0.28426315789473683,300
0.916070365635018,0.28426315789473683,320
0.9114664509861902,0.28426315789473683,340
0.9140972853046797,0.28426315789473683,360
0.9144212116850479,0.28426315789473683,380
0.9130959932694201,0.28426315789473683,400
0.9124187557701653,0.3,200
0.912408890676858,0.3,220
0.9128015282318798,0.3,240
0.9112014747533997,0.3,260
0.9109756977646839,0.3,280
0.9049487067903819,0.3,300
0.9083449569130873,0.3,320
0.9099155408583417,0.3,340
0.9074123615988379,0.3,360
0.897497712530285,0.3,380
0.8965455595095637,0.3,400
